# counts along tube 10
# position of bar 600.000564
0	0.0	0.0
1	3.0	1.73205080757
2	8.0	2.82842712475
3	8.0	2.82842712475
4	18.0	4.24264068712
5	30.0	5.47722557505
6	48.0	6.92820323028
7	100.0	10.0
8	214.0	14.6287388383
9	527.0	22.9564805665
10	746.0	27.3130005675
11	824.0	28.7054001888
12	791.0	28.1247222209
13	876.0	29.5972971739
14	812.0	28.4956136976
15	873.0	29.5465734054
16	800.0	28.2842712475
17	869.0	29.478805946
18	844.0	29.0516780927
19	844.0	29.0516780927
20	758.0	27.5317997959
21	885.0	29.7489495613
22	809.0	28.4429253067
23	830.0	28.8097205818
24	863.0	29.3768616431
25	864.0	29.3938769134
26	821.0	28.6530975638
27	761.0	27.5862284483
28	823.0	28.6879765756
29	813.0	28.5131548588
30	830.0	28.8097205818
31	836.0	28.9136645896
32	873.0	29.5465734054
33	883.0	29.7153159162
34	828.0	28.7749891399
35	874.0	29.5634909982
36	856.0	29.2574776767
37	800.0	28.2842712475
38	834.0	28.8790581564
39	862.0	29.3598365118
40	881.0	29.6816441593
41	840.0	28.9827534924
42	893.0	29.883105595
43	831.0	28.8270706108
44	820.0	28.6356421266
45	788.0	28.0713376952
46	864.0	29.3938769134
47	832.0	28.8444102037
48	820.0	28.6356421266
49	853.0	29.206163733
50	862.0	29.3598365118
51	837.0	28.930952283
52	856.0	29.2574776767
53	841.0	29.0
54	798.0	28.2488937837
55	813.0	28.5131548588
56	814.0	28.5306852354
57	824.0	28.7054001888
58	886.0	29.7657521323
59	851.0	29.1719042916
60	802.0	28.319604517
61	827.0	28.7576076891
62	813.0	28.5131548588
63	835.0	28.8963665536
64	873.0	29.5465734054
65	814.0	28.5306852354
66	798.0	28.2488937837
67	874.0	29.5634909982
68	842.0	29.0172362571
69	795.0	28.1957443597
70	902.0	30.0333148354
71	851.0	29.1719042916
72	828.0	28.7749891399
73	781.0	27.946377225
74	833.0	28.8617393793
75	799.0	28.2665880502
76	855.0	29.2403830344
77	809.0	28.4429253067
78	824.0	28.7054001888
79	859.0	29.3087017795
80	810.0	28.4604989415
81	830.0	28.8097205818
82	825.0	28.7228132327
83	787.0	28.0535202782
84	810.0	28.4604989415
85	828.0	28.7749891399
86	836.0	28.9136645896
87	869.0	29.478805946
88	803.0	28.3372546306
89	829.0	28.7923600978
90	819.0	28.6181760425
91	806.0	28.3901391332
92	838.0	28.9482296523
93	795.0	28.1957443597
94	831.0	28.8270706108
95	796.0	28.2134719593
96	794.0	28.1780056072
97	876.0	29.5972971739
98	823.0	28.6879765756
99	819.0	28.6181760425
100	773.0	27.8028775489
101	830.0	28.8097205818
102	798.0	28.2488937837
103	810.0	28.4604989415
104	831.0	28.8270706108
105	843.0	29.0344622819
106	761.0	27.5862284483
107	781.0	27.946377225
108	797.0	28.231188427
109	836.0	28.9136645896
110	802.0	28.319604517
111	765.0	27.6586333719
112	769.0	27.7308492477
113	830.0	28.8097205818
114	784.0	28.0
115	786.0	28.0356915378
116	809.0	28.4429253067
117	846.0	29.0860791445
118	798.0	28.2488937837
119	834.0	28.8790581564
120	829.0	28.7923600978
121	831.0	28.8270706108
122	836.0	28.9136645896
123	801.0	28.3019433962
124	818.0	28.6006992922
125	815.0	28.5482048472
126	821.0	28.6530975638
127	876.0	29.5972971739
128	792.0	28.1424945589
129	821.0	28.6530975638
130	820.0	28.6356421266
131	817.0	28.5832118559
132	813.0	28.5131548588
133	786.0	28.0356915378
134	792.0	28.1424945589
135	796.0	28.2134719593
136	830.0	28.8097205818
137	826.0	28.7402157264
138	776.0	27.8567765544
139	669.0	25.8650343128
140	364.0	19.0787840283
141	155.0	12.449899598
142	80.0	8.94427191
143	52.0	7.21110255093
144	32.0	5.65685424949
145	31.0	5.56776436283
146	23.0	4.79583152331
147	23.0	4.79583152331
148	34.0	5.83095189485
149	62.0	7.87400787401
150	210.0	14.4913767462
151	460.0	21.4476105895
152	629.0	25.079872408
153	722.0	26.8700576851
154	745.0	27.2946881279
155	776.0	27.8567765544
156	797.0	28.231188427
157	844.0	29.0516780927
158	807.0	28.4077454227
159	834.0	28.8790581564
160	805.0	28.3725219182
161	814.0	28.5306852354
162	817.0	28.5832118559
163	771.0	27.7668867538
164	816.0	28.5657137142
165	801.0	28.3019433962
166	779.0	27.9105714739
167	824.0	28.7054001888
168	864.0	29.3938769134
169	807.0	28.4077454227
170	814.0	28.5306852354
171	776.0	27.8567765544
172	773.0	27.8028775489
173	808.0	28.4253408071
174	798.0	28.2488937837
175	803.0	28.3372546306
176	796.0	28.2134719593
177	831.0	28.8270706108
178	803.0	28.3372546306
179	799.0	28.2665880502
180	807.0	28.4077454227
181	800.0	28.2842712475
182	803.0	28.3372546306
183	816.0	28.5657137142
184	826.0	28.7402157264
185	819.0	28.6181760425
186	812.0	28.4956136976
187	813.0	28.5131548588
188	793.0	28.1602556807
189	762.0	27.6043474837
190	751.0	27.4043792121
191	816.0	28.5657137142
192	804.0	28.3548937575
193	805.0	28.3725219182
194	810.0	28.4604989415
195	759.0	27.5499546279
196	845.0	29.0688837075
197	810.0	28.4604989415
198	781.0	27.946377225
199	749.0	27.3678643668
200	807.0	28.4077454227
201	796.0	28.2134719593
202	768.0	27.7128129211
203	858.0	29.2916370318
204	795.0	28.1957443597
205	773.0	27.8028775489
206	801.0	28.3019433962
207	814.0	28.5306852354
208	813.0	28.5131548588
209	769.0	27.7308492477
210	800.0	28.2842712475
211	810.0	28.4604989415
212	847.0	29.1032644217
213	799.0	28.2665880502
214	760.0	27.5680975042
215	782.0	27.9642629082
216	801.0	28.3019433962
217	755.0	27.4772633281
218	850.0	29.1547594742
219	793.0	28.1602556807
220	846.0	29.0860791445
221	822.0	28.6705423737
222	755.0	27.4772633281
223	798.0	28.2488937837
224	797.0	28.231188427
225	793.0	28.1602556807
226	818.0	28.6006992922
227	780.0	27.9284800875
228	806.0	28.3901391332
229	766.0	27.6767050062
230	790.0	28.1069386451
231	810.0	28.4604989415
232	814.0	28.5306852354
233	777.0	27.8747197295
234	791.0	28.1247222209
235	733.0	27.0739727414
236	770.0	27.748873851
237	805.0	28.3725219182
238	792.0	28.1424945589
239	716.0	26.7581763205
240	781.0	27.946377225
241	734.0	27.0924343683
242	787.0	28.0535202782
243	737.0	27.147743921
244	716.0	26.7581763205
245	793.0	28.1602556807
246	728.0	26.9814751265
247	680.0	26.0768096208
248	562.0	23.7065391823
249	342.0	18.4932420089
250	177.0	13.3041346957
251	128.0	11.313708499
252	60.0	7.74596669241
253	39.0	6.2449979984
254	48.0	6.92820323028
255	11.0	3.31662479036
